slide_id,attempt,manim_file,video_file,compiled,compile_retries,feedback_score,feedback_text,status,conversation_log,reward,error_bucket,gate_errors,gate_reason_tags,detected_features,undefined_names
concept-01-semantic-embedding,1,slides/concept-01-semantic-embedding.py,concept-01-semantic-embedding_v3.mp4,True,2,,,success,conversation_logs/concept-01-semantic-embedding_attempt1.txt,1,,,,uses_mathtex,
concept-02-cosine-similarity-matrix,1,slides/concept-02-cosine-similarity-matrix.py,,False,3,,,compile_failed,conversation_logs/concept-02-cosine-similarity-matrix_attempt1.txt,-1,gate_fail,"undefined identifiers detected: Angle, Axes, ValueTracker, np | disallowed symbols/features in constrained subset: Axes, ValueTracker",disallowed_tier_symbol|undefined_symbol,uses_axes_or_numberplane|uses_mathtex,Angle|Axes|ValueTracker|np
concept-02-cosine-similarity-matrix,2,slides/concept-02-cosine-similarity-matrix_v2.py,,False,3,,,compile_failed,conversation_logs/concept-02-cosine-similarity-matrix_attempt2.txt,-1,gate_fail,undefined identifiers detected: Arc,undefined_symbol,,Arc
concept-02-cosine-similarity-matrix,3,slides/concept-02-cosine-similarity-matrix_v3.py,,False,3,,,compile_failed,conversation_logs/concept-02-cosine-similarity-matrix_attempt3.txt,-1,gate_fail,"undefined identifiers detected: Angle, Rotate",undefined_symbol,uses_mathtex,Angle|Rotate
concept-03-iterative-clustering,1,slides/concept-03-iterative-clustering.py,concept-03-iterative-clustering_v2.mp4,True,1,,,success,conversation_logs/concept-03-iterative-clustering_attempt1.txt,1,,,,,
concept-04-constrained-optimization,1,slides/concept-04-constrained-optimization.py,concept-04-constrained-optimization_v3.mp4,True,2,,,success,conversation_logs/concept-04-constrained-optimization_attempt1.txt,1,,,,uses_mathtex,
